CF:  137 MHz. Pitch:  236645.09 . SNR:  23.304342715011245
CF:  137 MHz. Pitch:  365260.46 . SNR:  4.691510385635127
CF:  137 MHz. Pitch:  60 . SNR:  15.689532712260274
